1.819467544555663976e-03
2.318859100341796875e-03
5.823993682861327778e-03
6.463479995727538889e-03
6.017017364501953298e-03
7.892465591430664409e-03
1.254239082336425747e-02
1.319527626037597656e-02
1.759948730468750139e-02
2.326025962829589983e-02
3.652644157409667969e-02
1.083103179931640681e-01
3.205183029174804576e-01
6.177637577056884766e-01
1.273101139068603560e+00
2.262930536270141513e+00
4.606991624832152965e+00
9.786093997955322976e+00
3.245782065391540527e+01
6.984550218582153036e+01
1.333034147739410287e+02
2.711946646213531267e+02
5.734012084007263184e+02
1.223594511556625321e+03
2.638759387874603362e+03
5.667891027307510740e+03
1.222323508505821155e+04
2.617458358755111840e+04
