0000000000000064
0000000000000001
0000000000000006
2d413ccc00000000
2d413ccc00000000
2d413ccc00000000
d2bec33400000000
0000000000000002
0000000500000006
0000000000000001
0000000000000006
3b20d79ee7821d5a
0000000000000000
0000000000000000
3b20d79e187de2a6
0000000000000002
0000000500000006
0000000000000001
0000000000000006
3b20d79e187de2a6
0000000000000000
0000000000000000
3b20d79ee7821d5a
0000000000000002
0000000400000006
0000000000000001
0000000000000006
3ec52f9ff383a3e2
0000000000000000
0000000000000000
3ec52f9f0c7c5c1e
0000000000000002
0000000400000006
0000000000000001
0000000000000006
3ec52f9f0c7c5c1e
0000000000000000
0000000000000000
3ec52f9ff383a3e2
0000000000000002
0000000300000006
0000000000000001
0000000000000006
3fb11b47f9ba1651
0000000000000000
0000000000000000
3fb11b470645e9af
0000000000000002
0000000300000006
0000000000000001
0000000000000006
3fb11b470645e9af
0000000000000000
0000000000000000
3fb11b47f9ba1651
0000000000000002
0000000200000006
0000000000000001
0000000000000006
3fec43c6fcdc1342
0000000000000000
0000000000000000
3fec43c60323ecbe
0000000000000002
0000000200000006
0000000000000001
0000000000000006
3fec43c60323ecbe
0000000000000000
0000000000000000
3fec43c6fcdc1342
0000000000000002
0000000100000006
0000000000000001
0000000000000006
3ffb10c1fe6deaa1
0000000000000000
0000000000000000
3ffb10c10192155f
0000000000000002
0000000100000006
0000000000000001
0000000000000006
3ffb10c10192155f
0000000000000000
0000000000000000
3ffb10c1fe6deaa1
0000000000000002
0000000000000006
0000000000000001
0000000000000006
3ffec42dff36f171
0000000000000000
0000000000000000
3ffec42d00c90e8f
0000000000000002
0000000000000006
0000000000000001
0000000000000006
3ffec42d00c90e8f
0000000000000000
0000000000000000
3ffec42dff36f171
0000000000000001
0000000000000005
2d413ccc00000000
2d413ccc00000000
2d413ccc00000000
d2bec33400000000
0000000000000002
0000000400000005
0000000000000001
0000000000000005
3b20d79ee7821d5a
0000000000000000
0000000000000000
3b20d79e187de2a6
0000000000000002
0000000400000005
0000000000000001
0000000000000005
3b20d79e187de2a6
0000000000000000
0000000000000000
3b20d79ee7821d5a
0000000000000002
0000000300000005
0000000000000001
0000000000000005
3ec52f9ff383a3e2
0000000000000000
0000000000000000
3ec52f9f0c7c5c1e
0000000000000002
0000000300000005
0000000000000001
0000000000000005
3ec52f9f0c7c5c1e
0000000000000000
0000000000000000
3ec52f9ff383a3e2
0000000000000002
0000000200000005
0000000000000001
0000000000000005
3fb11b47f9ba1651
0000000000000000
0000000000000000
3fb11b470645e9af
0000000000000002
0000000200000005
0000000000000001
0000000000000005
3fb11b470645e9af
0000000000000000
0000000000000000
3fb11b47f9ba1651
0000000000000002
0000000100000005
0000000000000001
0000000000000005
3fec43c6fcdc1342
0000000000000000
0000000000000000
3fec43c60323ecbe
0000000000000002
0000000100000005
0000000000000001
0000000000000005
3fec43c60323ecbe
0000000000000000
0000000000000000
3fec43c6fcdc1342
0000000000000002
0000000000000005
0000000000000001
0000000000000005
3ffb10c1fe6deaa1
0000000000000000
0000000000000000
3ffb10c10192155f
0000000000000002
0000000000000005
0000000000000001
0000000000000005
3ffb10c10192155f
0000000000000000
0000000000000000
3ffb10c1fe6deaa1
0000000000000001
0000000000000004
2d413ccc00000000
2d413ccc00000000
2d413ccc00000000
d2bec33400000000
0000000000000002
0000000300000004
0000000000000001
0000000000000004
3b20d79ee7821d5a
0000000000000000
0000000000000000
3b20d79e187de2a6
0000000000000002
0000000300000004
0000000000000001
0000000000000004
3b20d79e187de2a6
0000000000000000
0000000000000000
3b20d79ee7821d5a
0000000000000002
0000000200000004
0000000000000001
0000000000000004
3ec52f9ff383a3e2
0000000000000000
0000000000000000
3ec52f9f0c7c5c1e
0000000000000002
0000000200000004
0000000000000001
0000000000000004
3ec52f9f0c7c5c1e
0000000000000000
0000000000000000
3ec52f9ff383a3e2
0000000000000002
0000000100000004
0000000000000001
0000000000000004
3fb11b47f9ba1651
0000000000000000
0000000000000000
3fb11b470645e9af
0000000000000002
0000000100000004
0000000000000001
0000000000000004
3fb11b470645e9af
0000000000000000
0000000000000000
3fb11b47f9ba1651
0000000000000002
0000000000000004
0000000000000001
0000000000000004
3fec43c6fcdc1342
0000000000000000
0000000000000000
3fec43c60323ecbe
0000000000000002
0000000000000004
0000000000000001
0000000000000004
3fec43c60323ecbe
0000000000000000
0000000000000000
3fec43c6fcdc1342
0000000000000001
0000000000000003
2d413ccc00000000
2d413ccc00000000
2d413ccc00000000
d2bec33400000000
0000000000000002
0000000200000003
0000000000000001
0000000000000003
3b20d79ee7821d5a
0000000000000000
0000000000000000
3b20d79e187de2a6
0000000000000002
0000000200000003
0000000000000001
0000000000000003
3b20d79e187de2a6
0000000000000000
0000000000000000
3b20d79ee7821d5a
0000000000000002
0000000100000003
0000000000000001
0000000000000003
3ec52f9ff383a3e2
0000000000000000
0000000000000000
3ec52f9f0c7c5c1e
0000000000000002
0000000100000003
0000000000000001
0000000000000003
3ec52f9f0c7c5c1e
0000000000000000
0000000000000000
3ec52f9ff383a3e2
0000000000000002
0000000000000003
0000000000000001
0000000000000003
3fb11b47f9ba1651
0000000000000000
0000000000000000
3fb11b470645e9af
0000000000000002
0000000000000003
0000000000000001
0000000000000003
3fb11b470645e9af
0000000000000000
0000000000000000
3fb11b47f9ba1651
0000000000000001
0000000000000002
2d413ccc00000000
2d413ccc00000000
2d413ccc00000000
d2bec33400000000
0000000000000002
0000000100000002
0000000000000001
0000000000000002
3b20d79ee7821d5a
0000000000000000
0000000000000000
3b20d79e187de2a6
0000000000000002
0000000100000002
0000000000000001
0000000000000002
3b20d79e187de2a6
0000000000000000
0000000000000000
3b20d79ee7821d5a
0000000000000002
0000000000000002
0000000000000001
0000000000000002
3ec52f9ff383a3e2
0000000000000000
0000000000000000
3ec52f9f0c7c5c1e
0000000000000002
0000000000000002
0000000000000001
0000000000000002
3ec52f9f0c7c5c1e
0000000000000000
0000000000000000
3ec52f9ff383a3e2
0000000000000001
0000000000000001
2d413ccc00000000
2d413ccc00000000
2d413ccc00000000
d2bec33400000000
0000000000000002
0000000000000001
0000000000000001
0000000000000001
3b20d79ee7821d5a
0000000000000000
0000000000000000
3b20d79e187de2a6
0000000000000002
0000000000000001
0000000000000001
0000000000000001
3b20d79e187de2a6
0000000000000000
0000000000000000
3b20d79ee7821d5a
0000000000000001
0000000000000000
2d413ccc00000000
2d413ccc00000000
2d413ccc00000000
d2bec33400000000
0000000000000002
0000000000000006
0000000000000002
0000000600000000
0000000000000002
0000000000000006
0000000000000002
0000000000000006
0000000000000002
0000000600000000
0000000000000002
0000000000000006
0000000000000002
0000000000000006
0000000000000002
0000000600000000
0000000000000002
0000000000000006
